                           2020                          

          January                       February                       March           
Sun Mon Tue Wed Thu Fri Sat   Sun Mon Tue Wed Thu Fri Sat   Sun Mon Tue Wed Thu Fri Sat
              1   2   3   4                            32    61  62  63  64  65  66  67
  5   6   7   8   9  10  11    33  34  35  36  37  38  39    68  69  70  71  72  73  74
 12  13  14  15  16  17  18    40  41  42  43  44  45  46    75  76  77  78  79  80  81
 19  20  21  22  23  24  25    47  48  49  50  51  52  53    82  83  84  85  86  87  88
 26  27  28  29  30  31        54  55  56  57  58  59  60    89  90  91                
                                                                                       
           April                          May                           June           
Sun Mon Tue Wed Thu Fri Sat   Sun Mon Tue Wed Thu Fri Sat   Sun Mon Tue Wed Thu Fri Sat
             92  93  94  95                       122 123       153 154 155 156 157 158
 96  97  98  99 100 101 102   124 125 126 127 128 129 130   159 160 161 162 163 164 165
103 104 105 106 107 108 109   131 132 133 134 135 136 137   166 167 168 169 170 171 172
110 111 112 113 114 115 116   138 139 140 141 142 143 144   173 174 175 176 177 178 179
117 118 119 120 121           145 146 147 148 149 150 151   180 181 182                
                              152                                                      
            July                         August                      September         
Sun Mon Tue Wed Thu Fri Sat   Sun Mon Tue Wed Thu Fri Sat   Sun Mon Tue Wed Thu Fri Sat
            183 184 185 186                           214           245 246 247 248 249
187 188 189 190 191 192 193   215 216 217 218 219 220 221   250 251 252 253 254 255 256
194 195 196 197 198 199 200   222 223 224 225 226 227 228   257 258 259 260 261 262 263
201 202 203 204 205 206 207   229 230 231 232 233 234 235   264 265 266 267 268 269 270
208 209 210 211 212 213       236 237 238 239 240 241 242   271 272 273 274            
                              243 244                                                  
          October                       November                      December         
Sun Mon Tue Wed Thu Fri Sat   Sun Mon Tue Wed Thu Fri Sat   Sun Mon Tue Wed Thu Fri Sat
                275 276 277   306 307 308 309 310 311 312           336 337 338 339 340
278 279 280 281 282 283 284   313 314 315 316 317 318 319   341 342 343 344 345 346 347
285 286 287 288 289 290 291   320 321 322 323 324 325 326   348 349 350 351 352 353 354
292 293 294 295 296 297 298   327 328 329 330 331 332 333   355 356 357 358 359 360 361
299 300 301 302 303 304 305   334 335                       362 363 364 365 366        
