                            2020
      Januari               Februari               Maret          
Mi Se Se Ra Ka Ju Sa  Mi Se Se Ra Ka Ju Sa  Mi Se Se Ra Ka Ju Sa  
          1  2  3  4                     1   1  2  3  4  5  6  7  
 5  6  7  8  9 10 11   2  3  4  5  6  7  8   8  9 10 11 12 13 14  
12 13 14 15 16 17 18   9 10 11 12 13 14 15  15 16 17 18 19 20 21  
19 20 21 22 23 24 25  16 17 18 19 20 21 _2_2  22 23 24 25 26 27 28  
26 27 28 29 30 31     23 24 25 26 27 28 29  29 30 31              
                                                                  

       April                  Mei                   Juni          
Mi Se Se Ra Ka Ju Sa  Mi Se Se Ra Ka Ju Sa  Mi Se Se Ra Ka Ju Sa  
          1  2  3  4                  1  2      1  2  3  4  5  6  
 5  6  7  8  9 10 11   3  4  5  6  7  8  9   7  8  9 10 11 12 13  
12 13 14 15 16 17 18  10 11 12 13 14 15 16  14 15 16 17 18 19 20  
19 20 21 22 23 24 25  17 18 19 20 21 22 23  21 22 23 24 25 26 27  
26 27 28 29 30        24 25 26 27 28 29 30  28 29 30              
                      31                                          

        Juli                Agustus              September        
Mi Se Se Ra Ka Ju Sa  Mi Se Se Ra Ka Ju Sa  Mi Se Se Ra Ka Ju Sa  
          1  2  3  4                     1         1  2  3  4  5  
 5  6  7  8  9 10 11   2  3  4  5  6  7  8   6  7  8  9 10 11 12  
12 13 14 15 16 17 18   9 10 11 12 13 14 15  13 14 15 16 17 18 19  
19 20 21 22 23 24 25  16 17 18 19 20 21 22  20 21 22 23 24 25 26  
26 27 28 29 30 31     23 24 25 26 27 28 29  27 28 29 30           
                      30 31                                       

      Oktober               November              Desember        
Mi Se Se Ra Ka Ju Sa  Mi Se Se Ra Ka Ju Sa  Mi Se Se Ra Ka Ju Sa  
             1  2  3   1  2  3  4  5  6  7         1  2  3  4  5  
 4  5  6  7  8  9 10   8  9 10 11 12 13 14   6  7  8  9 10 11 12  
11 12 13 14 15 16 17  15 16 17 18 19 20 21  13 14 15 16 17 18 19  
18 19 20 21 22 23 24  22 23 24 25 26 27 28  20 21 22 23 24 25 26  
25 26 27 28 29 30 31  29 30                 27 28 29 30 31        
                                                                  
